# Reproducible example for log binning thing.

x <- c(2.4, 2.7, 12, 3, 2.8, 2.1, 18.4, 1.5, 6.6, 1.5, 14.1, 7.9, 
       5.3, 2.2, 1.6, 8.1, 8.5, 2.2, 7.6, 3.1, 4.1, 1.5, 15.6, 3.6, 
       5, 2.2, 2.2, 10, 3.6, 2.8, 3, 2.4, 14.5, 4.6, 4.4, 5.4, 10.6, 
       1.5, 2.5, 5.1, 2.6, 5.3, 1.8, 2, 21.4, 1.7, 2.1, 8.1, 2.3, 1.5, 
       13.8, 2.9, 3, 5.7, 1.3, 3.9, 1.5, 4.6, 5.6, 3.4, 1.7, 5.1, 2.1, 
       5.6, 3.5, 11.6, 1.4, 1.6, 1.7, 1.4, 2.4, 14.8, 1.7, 26.5, 1.8, 
       11.4, 3.2, 1.5, 1.8, 6.4, 1.1, 1.4, 1.4, 5.2, 3.7, 1.2, 1.5, 
       2.9, 1.5, 3.3, 1.6, 1.2, 2.6, 1.7, 2.2, 1.6, 5.5, 1.4, 1.2, 1.9, 
       1.7, 1.7, 7.8, 3.4, 1.9, 11.7, 5, 2, 5.9, 13.7, 6.2, 2.2, 1.3, 
       7.6, 10.5, 2.9, 1.6, 8, 10.9, 5.6, 3.7, 7.3, 1.2, 22.7, 1.9, 
       2.1, 3.5, 2.5, 8.9, 4.5, 1.4, 2.1, 3.4, 1.6, 2, 3.7, 2.4, 1.7, 
       4.3, 8.4, 47.5505211645945, 2.1, 2.2, 4.1, 13.6, 13.9, 10.8, 
       11.1, 1.7, 1.4, 3.4, 1.3, 10.9, 1.7, 9.3, 1.4, 2.8, 2.7, 7.4, 
       2.1, 2.8, 9.8, 1.4, 2.5, 2.4, 1.3, 1.1, 3, 8, 2.3, 2.8, 5.6, 
       2.2, 2.3, 5, 1.8, 8.5, 2.8, 2.2, 13, 10.5, 3.7, 6.4, 55, 2.1, 
       1.1, 14.1, 4.1, 1.3, 1.2, 2.3, 4.3, 1.5, 8.6, 5.1, 2, 1.5, 11, 
       7.6, 4.3, 2.1, 1.7, 3.2, 2.8, 1.2, 3.7, 3.4, 2.4, 1.7, 1.9, 3, 
       1.7, 13.1, 7.8, 8, 18, 6.4, 2.4, 12.2, 1.3, 1.3, 5.3, 22.4, 2.2, 
       1.2, 5.1, 9.8, 7.9, 2.6, 7.2, 1.8, 2.2, 50.8, 1.9, 18.2, 7.2, 
       5, 13.1, 8.7, 1.4, 3.8, 2.6, 1.8, 11.2, 2, 9.4, 10, 2.4, 1.4, 
       10, 3.1, 4.1, 3.7, 4.8, 7.1, 4.7, 1.3, 1.7, 5.6, 1.4, 3.4, 9.5, 
       4.5, 5.5, 12.8, 1.8, 3.2, 1.4, 5.6, 1.2, 8.9, 1.7, 1.5, 13.7, 
       1.7, 1.3, 1.4, 5.9, 1.9, 1.8, 2.2, 1.1, 3, 3, 4.1, 3.9, 1.6, 
       1.6, 2, 7.3, 7.9, 4.6, 10.7, 2, 2.3, 6, 2, 12, 4.8, 2.1, 1.5, 
       11.8, 3.4, 1.4, 2.4, 1.2, 3.4, 2.9, 2.3, 2.7, 2.2, 4.1, 1.6, 
       1.5, 2.9, 1.9, 4.2, 2.9, 7.4, 2.2, 4.4, 2.4, 1.8, 14.7, 1.4, 
       2.7, 3.2, 3.2, 2, 5.6, 2.4, 1.9, 1.2, 2.4, 1.3, 9, 1.3, 4.5, 
       1.3, 11.4, 3.2, 1.6, 8.4, 2.5, 2.7, 2.5, 73.5509249542083, 1.8, 
       2.6, 2.2, 26.0154160434286, 12.9, 1.5, 9.6, 3, 1.5, 3.7, 3.5, 
       2.2, 4.4, 2.2, 5.1, 20.8, 3.8, 25.3, 1.2, 1.9, 1.8, 5.6, 1.9, 
       6.2, 1.6, 3.1, 3.3, 3.3, 2.2, 11.2, 9.8, 4, 13, 2.7, 3, 4.3, 
       2.5, 3.4, 4.4, 1.6, 2.2, 3.7, 1.8, 3.9, 2.4, 2, 1.6, 3.6, 2.6, 
       1.9, 27, 1.7, 3.5, 57.7955543317918, 2.3, 7.5, 87.0295721053834, 
       1.4, 8.1, 1.3, 1.4, 1.4, 18.5, 2, 3.7, 10.5, 1.7, 4.1, 28.9, 
       2.6, 8, 1.2, 1.7, 1.6, 3.9, 3.1, 2.2, 4.3, 5.1, 1.1, 1.9, 3.4, 
       4.1, 5.3, 4.3, 1.3, 1.3, 13.9, 52.6, 85.7785183032233, 2.5, 4.9, 
       3, 2.4, 2.5, 5.4, 2, 1.3, 4.7, 3.9, 2.8, 1.1, 9.3, 3.5, 2.5, 
       2.8, 1.9, 2.4, 1.2, 29.9, 1.7, 3.3, 1.9, 4.4, 7.8, 9, 27.1, 1.3, 
       1.7, 2.9, 1.4, 59.2255158917635, 2.8, 2.1, 14.4, 12.5, 2.6, 2.3, 
       4.5, 1.5, 2.8, 1.6, 1.3, 5.4, 2.3, 4.2, 1.3, 4, 2.1, 4.6, 2.5, 
       4.4, 9.4, 3.4, 5.2, 1.4, 3.4, 2.7, 14.8, 11.3, 2.1, 1.4, 18)

y <- c(0.0505709301226872, 0.0182007921226895, 1.87026997942014, 0.0598934719816852, 
       0.0190783191175209, 0.0123291781492931, 9.01424481528504, 0.0140866283425346, 
       0.797091605293012, 0.00579377330610581, 3.56714618757582, 0.11323699250812, 
       0.288618081760397, 0.0318020427277766, 0.0167859125542264, 0.491104079920479, 
       0.947721923051575, 0.0385311345355921, 1.00529342665122, 0.0285354691943226, 
       0.128826563185604, 0.0130087565077924, 8.73832260639665, 0.0572090410589901, 
       0.141998833631439, 0.0112735135690309, 0.0152174807578142, 1.18838024296223, 
       0.096216905156858, 0.0547752118903303, 0.0862750058003086, 0.037572260010078, 
       0.909567366721334, 0.204845583828955, 0.0391757260809057, 0.0538016163083455, 
       0.152422581421386, 0.00952416196386155, 0.0170161108219235, 0.0555967323901197, 
       0.0282275579275182, 0.215656274152276, 0.00875841395846965, 0.0178414196622004, 
       10.1923320181217, 0.00748763235600445, 0.0115770151391876, 0.745477194920166, 
       0.0365659132421239, 0.0055987300092015, 2.33517289079998, 0.0843855034522404, 
       0.034619037451329, 0.1241943496147, 0.0091923285732494, 0.135463082091095, 
       0.0156724784712271, 0.308944074944068, 0.438689595429753, 0.0848094725442313, 
       0.00603390549073137, 0.0655367282492011, 0.0172681172876384, 
       0.290439578097898, 0.103578972809568, 2.39857990341755, 0.00838232163600677, 
       0.0158483722847164, 0.0177608230767095, 0.00536480390470498, 
       0.0138822640569073, 3.02863984391909, 0.0198390733446781, 16.163652265606, 
       0.0187193980793516, 1.70761743767291, 0.0943887437593583, 0.00952416196386155, 
       0.0137882990657284, 0.502882533347007, 0.00412177739800727, 0.0115846957000857, 
       0.0098334478979854, 0.501809431650476, 0.120123051891132, 0.00359739125289813, 
       0.0055987300092015, 0.0850432135334653, 0.0113472517213035, 0.044181903668876, 
       0.0159865649392219, 0.00394334594175927, 0.0499049759155799, 
       0.022883603198878, 0.0370638301950516, 0.0129522089135538, 0.310562836454457, 
       0.0112052897064615, 0.00409021963296081, 0.026970879711924, 0.0069569084111847, 
       0.012963362409377, 0.316044713939196, 0.0248013286501681, 0.0160679790157246, 
       2.71461118942992, 0.145321232763201, 0.0202451552162136, 0.284825900097895, 
       5.47218991398201, 0.222845497829209, 0.0451050804876058, 0.00505303216604153, 
       0.640682198212193, 0.962939895264546, 0.0185612994967397, 0.012987210825081, 
       1.03994966513508, 2.13447892724551, 0.297687500058428, 0.243552722139126, 
       1.04805406779832, 0.00400472288346676, 12.4603364363619, 0.0085984934738949, 
       0.0135642619797802, 0.171433324064693, 0.0269693124508277, 0.451420296618824, 
       0.242527668134798, 0.0115361915894918, 0.036596978966347, 0.110639884133754, 
       0.00654555830547108, 0.0169924966854076, 0.0324819760019581, 
       0.0112911599748265, 0.0073357017513412, 0.282531223077501, 0.910765525497948, 
       3.66377890211411, 0.0140491935726539, 0.0276236735189867, 0.124706511714279, 
       0.524361497552195, 0.36775342380399, 0.551733360395379, 2.53301557263428, 
       0.00698665745523024, 0.0123983460085907, 0.124744764695832, 0.00500258925843875, 
       0.427610412579084, 0.0236366160102751, 0.29227372421484, 0.00446909880040028, 
       0.0158700375469873, 0.0831591085444623, 0.173000234105819, 0.0135638486828644, 
       0.0302530293268754, 1.02360291165194, 0.0129140707985483, 0.0275010193101471, 
       0.0157525912122339, 0.00352809191489614, 0.00325829219346325, 
       0.0182988149808249, 1.3515799283154, 0.0431371412260359, 0.111112149725073, 
       0.350566870456961, 0.047918227793839, 0.0128425515369359, 0.0490191136846363, 
       0.00718008803221831, 0.478318291231291, 0.0450989774350112, 0.0333853344377776, 
       0.99638375898909, 0.973695286849957, 0.175255732368663, 0.259067087855505, 
       66.1341966722186, 0.0314856886599644, 0.00349264783002168, 4.76150070148515, 
       0.140693834204532, 0.00741411886248269, 0.0039838062630843, 0.0223143063499102, 
       0.175731020196634, 0.0154095235730514, 0.252646630085139, 0.0409234934830773, 
       0.00945646600792265, 0.0055180964051077, 0.197576341732154, 0.92650258239196, 
       0.102600867642016, 0.0210639923647032, 0.0146462899855788, 0.023362724057065, 
       0.0174959741840116, 0.00359739125289813, 0.0287120927815812, 
       0.123318985390024, 0.0451819691535463, 0.0194095643453472, 0.0366269080559417, 
       0.0859173408299597, 0.00698665745523024, 0.768262488777115, 0.807388180976964, 
       0.217194835541674, 2.95993378775297, 0.156319381797474, 0.0157525912122339, 
       0.681820037805404, 0.00424094724952001, 0.00419885550318713, 
       0.148947752186653, 13.9554291461994, 0.033223415438388, 0.00377711222902292, 
       0.140607199867241, 1.78963610591963, 0.498424553032128, 0.054951285609426, 
       0.447562874163361, 0.0211391754126278, 0.0189066685605166, 50.5524262468002, 
